

x[1] = -0.006663 
x[2] = -0.003983 
x[3] = -0.005976 
x[4] = -0.001623 
x[5] = 0.000239 
x[6] = 0.002159 
x[7] = 0.001136 
x[8] = 0.004103 
x[9] = -0.009398 
x[10] = 0.003291 

Checking answer:
-4.118097 = -4.118097
1.666315 = 1.666315
-2.860468 = -2.860468
1.254175 = 1.254175
0.322473 = 0.322473
1.019952 = 1.019952
-0.316675 = -0.316675
-2.586115 = -2.586115
3.232172 = 3.232172
-1.529901 = -1.529901


Ortoganalization algorithm

x[1] = -0.006664
x[2] = -0.003982
x[3] = -0.005976
x[4] = -0.001623
x[5] = 0.000235
x[6] = 0.002158
x[7] = 0.001134
x[8] = 0.004100
x[9] = -0.009400
x[10] = 0.003292


QR algorithm

x[1] = -0.006664
x[2] = -0.003982
x[3] = -0.005976
x[4] = -0.001623
x[5] = 0.000235
x[6] = 0.002158
x[7] = 0.001134
x[8] = 0.004100
x[9] = -0.009400
x[10] = 0.003292

b[1] = -4.118097
b[2] = 1.666315
b[3] = -2.860468
b[4] = 1.254175
b[5] = 0.322473
b[6] = 1.019952
b[7] = -0.316675
b[8] = -2.586115
b[9] = 3.232172
b[10] = -1.529901
