
Solving system:
 -67.10    6.54   -2.07   -6.88   -9.69 |   3.65
   6.54   31.84    7.52    2.73    2.80 |   2.82
  -2.07    7.52   15.97   -1.85    2.06 |  -3.22
  -6.88    2.73   -1.85   33.30   -1.89 |   1.68
  -9.69    2.80    2.06   -1.89   37.08 |   1.49

Solving system:
   8.19    0.00    0.00    0.00    0.00 |   3.65
  -0.80    5.70    0.00    0.00    0.00 |   2.82
   0.25    1.28    3.79    0.00    0.00 |  -3.22
   0.84    0.36   -0.55    5.79    0.00 |   1.68
   1.18    0.33    0.51   -0.13    6.17 |   1.49

Solving system:
  -8.19    0.80   -0.25   -0.84   -1.18 |   0.45
   0.00    5.70    1.28    0.36    0.33 |   0.56
   0.00    0.00    3.79   -0.55    0.51 |  -1.07
   0.00    0.00    0.00    5.79   -0.13 |   0.09
   0.00    0.00    0.00    0.00    6.17 |   0.22


x[1] = -0.036911 
x[2] = 0.158599 
x[3] = -0.283441 
x[4] = 0.016165 
x[5] = 0.035215 

Checking answer:
3.646448 = 3.646448
2.820184 = 2.820184
-3.216608 = -3.216608
1.682184 = 1.682184
1.494806 = 1.494806

Inverce random matrix A and check solution


Source\Result:
  13.12   -3.87  -17.07  -15.19    8.55 |  -0.01   -0.02   -0.67   -0.47    0.14 
  -7.55  -10.30    4.06  -18.01  -13.76 |   0.03    0.00    0.33    0.30   -0.14 
   2.00  -11.07   -7.87   -7.31   -4.47 |  -0.02    0.03   -0.72   -0.48    0.19 
  -7.08   17.23   13.01   14.87   11.57 |  -0.04   -0.05    0.05   -0.00   -0.00 
  -7.79    3.53    6.19   11.76   16.00 |   0.03    0.01   -0.16   -0.11    0.09 

Source\Result:
  -0.01   -0.02   -0.67   -0.47    0.14 |  13.12   -3.87  -17.07  -15.19    8.55 
   0.03    0.00    0.33    0.30   -0.14 |  -7.55  -10.30    4.06  -18.01  -13.76 
  -0.02    0.03   -0.72   -0.48    0.19 |   2.00  -11.07   -7.87   -7.31   -4.47 
  -0.04   -0.05    0.05   -0.00   -0.00 |  -7.08   17.23   13.01   14.87   11.57 
   0.03    0.01   -0.16   -0.11    0.09 |  -7.79    3.53    6.19   11.76   16.00 
